4 5 8 0 1 7 4 9 7 8 4 3 5 5 3 1 6 5 9 0 5 0 9 5 3 2 3 8 1 1 4 7 6 2 6 8 4 9 4 7 3 3 4 6 9 3 2 7 4 7 5 1 6 9 2 8 6 4 6 4 0 7 5 8 3 7 4 9 8 5 4 1 0 7 2 4 2 9 3 6 7 6 5 7 2 7 3 2 3 3 2 2 8 0 2 0 9 8 3 1 
===================================================================================
The number of page is 100
The number of page frame is 5
FIFO: 59 
the rate of missing pages is: 0.59
LRU: 60 
the rate of missing pages is: 0.60
CLOCK: 60 
the rate of missing pages is: 0.60
===================================================================================
