4 6 2 9 6 2 2 8 3 7 6 2 6 5 7 7 8 7 2 5 9 4 2 3 2 2 1 4 6 3 6 0 9 1 5 3 4 0 9 9 3 0 5 2 8 4 1 3 4 6 6 0 9 6 6 3 4 8 4 6 5 8 9 2 4 6 2 2 1 9 4 4 7 2 6 4 1 5 4 0 6 0 0 3 0 7 2 6 6 5 5 4 8 1 6 8 5 9 3 6 
===================================================================================
The number of page is 100
The number of page frame is 5
FIFO: 50 
the rate of missing pages is: 0.50
LRU: 51 
the rate of missing pages is: 0.51
CLOCK: 53 
the rate of missing pages is: 0.53
===================================================================================
0 0 4 8 4 8 6 3 8 9 7 8 0 7 1 3 9 7 8 5 1 2 9 1 4 8 9 6 2 6 2 1 9 8 4 8 6 9 3 4 0 0 0 6 6 0 5 8 2 2 8 5 7 5 7 0 8 0 7 7 4 9 4 7 0 6 0 1 2 8 9 5 8 4 4 4 5 8 1 1 3 3 6 5 2 2 7 8 1 2 1 9 6 9 4 4 8 0 2 1 
===================================================================================
The number of page is 100
The number of page frame is 5
FIFO: 46 
the rate of missing pages is: 0.46
LRU: 52 
the rate of missing pages is: 0.52
CLOCK: 48 
the rate of missing pages is: 0.48
===================================================================================
