5 3 0 6 1 3 2 7 8 8 8 3 8 3 0 4 6 4 2 4 9 2 0 6 8 5 7 8 4 4 0 9 8 2 3 5 5 4 4 1 9 0 3 5 8 0 4 1 2 6 8 2 0 5 1 7 7 1 6 9 0 2 5 1 8 8 2 1 5 6 9 1 6 9 5 5 9 7 4 1 8 5 5 4 8 8 6 8 6 6 1 8 8 5 9 5 1 2 2 0 
===================================================================================
The number of page is 100
The number of page frame is 5
FIFO: 55 
the rate of missing pages is: 0.55
LRU: 56 
the rate of missing pages is: 0.56
CLOCK: 56 
the rate of missing pages is: 0.56
===================================================================================
2 4 1 7 2 5 3 3 7 3 4 3 7 0 9 8 9 2 8 0 9 2 1 7 1 2 2 9 5 9 8 6 8 0 2 8 2 1 4 1 5 7 3 6 9 3 3 9 0 6 1 9 1 9 0 3 4 5 1 4 0 1 5 2 8 0 8 8 8 9 3 4 8 2 2 7 1 4 3 4 0 6 6 4 1 1 5 0 4 3 3 2 0 8 4 8 1 3 5 7 
===================================================================================
The number of page is 100
The number of page frame is 5
FIFO: 51 
the rate of missing pages is: 0.51
LRU: 49 
the rate of missing pages is: 0.49
CLOCK: 51 
the rate of missing pages is: 0.51
===================================================================================
